[[[[-5.7823426e-04  0.0000000e+00  0.0000000e+00 ...  0.0000000e+00
    -2.4495965e-03  0.0000000e+00]
   [ 0.0000000e+00  0.0000000e+00  0.0000000e+00 ...  0.0000000e+00
     0.0000000e+00  0.0000000e+00]
   [ 0.0000000e+00  0.0000000e+00  0.0000000e+00 ...  0.0000000e+00
     0.0000000e+00  0.0000000e+00]
   ...
   [ 0.0000000e+00  0.0000000e+00  0.0000000e+00 ...  0.0000000e+00
     0.0000000e+00  0.0000000e+00]
   [ 0.0000000e+00  0.0000000e+00  0.0000000e+00 ...  0.0000000e+00
     0.0000000e+00  0.0000000e+00]
   [ 0.0000000e+00  0.0000000e+00 -1.1391104e-03 ... -1.8332248e-03
    -8.4212265e-04  0.0000000e+00]]

  [[ 0.0000000e+00  0.0000000e+00  0.0000000e+00 ...  0.0000000e+00
     0.0000000e+00  0.0000000e+00]
   [ 0.0000000e+00  0.0000000e+00  0.0000000e+00 ...  0.0000000e+00
     0.0000000e+00  0.0000000e+00]
   [ 0.0000000e+00  0.0000000e+00  0.0000000e+00 ...  0.0000000e+00
     0.0000000e+00  0.0000000e+00]
   ...
   [ 0.0000000e+00  0.0000000e+00  0.0000000e+00 ...  0.0000000e+00
     0.0000000e+00  0.0000000e+00]
   [ 0.0000000e+00  0.0000000e+00  0.0000000e+00 ...  0.0000000e+00
     0.0000000e+00  0.0000000e+00]
   [ 0.0000000e+00  0.0000000e+00  0.0000000e+00 ...  0.0000000e+00
     0.0000000e+00  0.0000000e+00]]

  [[ 0.0000000e+00  0.0000000e+00  0.0000000e+00 ...  0.0000000e+00
     0.0000000e+00  0.0000000e+00]
   [ 0.0000000e+00  0.0000000e+00  0.0000000e+00 ...  0.0000000e+00
     0.0000000e+00  0.0000000e+00]
   [ 0.0000000e+00  0.0000000e+00  0.0000000e+00 ...  0.0000000e+00
     0.0000000e+00  0.0000000e+00]
   ...
   [ 0.0000000e+00  0.0000000e+00  0.0000000e+00 ...  0.0000000e+00
     0.0000000e+00  0.0000000e+00]
   [ 0.0000000e+00  0.0000000e+00  0.0000000e+00 ...  0.0000000e+00
     0.0000000e+00  0.0000000e+00]
   [ 0.0000000e+00  0.0000000e+00  0.0000000e+00 ...  0.0000000e+00
     0.0000000e+00  0.0000000e+00]]

  ...

  [[ 0.0000000e+00  0.0000000e+00  0.0000000e+00 ...  0.0000000e+00
     0.0000000e+00  0.0000000e+00]
   [ 0.0000000e+00  0.0000000e+00  0.0000000e+00 ...  0.0000000e+00
     0.0000000e+00  0.0000000e+00]
   [ 0.0000000e+00  0.0000000e+00  0.0000000e+00 ...  0.0000000e+00
     0.0000000e+00  0.0000000e+00]
   ...
   [ 0.0000000e+00  0.0000000e+00  0.0000000e+00 ...  0.0000000e+00
     0.0000000e+00  0.0000000e+00]
   [ 0.0000000e+00  0.0000000e+00  0.0000000e+00 ...  0.0000000e+00
     0.0000000e+00  0.0000000e+00]
   [ 0.0000000e+00  0.0000000e+00  0.0000000e+00 ...  0.0000000e+00
     0.0000000e+00  0.0000000e+00]]

  [[ 0.0000000e+00  0.0000000e+00  0.0000000e+00 ...  0.0000000e+00
     0.0000000e+00  0.0000000e+00]
   [ 0.0000000e+00  0.0000000e+00  0.0000000e+00 ...  0.0000000e+00
     0.0000000e+00  0.0000000e+00]
   [ 0.0000000e+00  0.0000000e+00  0.0000000e+00 ...  0.0000000e+00
     0.0000000e+00  0.0000000e+00]
   ...
   [ 0.0000000e+00  0.0000000e+00  0.0000000e+00 ...  0.0000000e+00
     0.0000000e+00  0.0000000e+00]
   [ 0.0000000e+00  0.0000000e+00  0.0000000e+00 ...  0.0000000e+00
     0.0000000e+00  0.0000000e+00]
   [ 0.0000000e+00  0.0000000e+00  0.0000000e+00 ...  0.0000000e+00
     0.0000000e+00  0.0000000e+00]]

  [[ 0.0000000e+00  0.0000000e+00  0.0000000e+00 ...  0.0000000e+00
    -7.6395363e-06  0.0000000e+00]
   [ 0.0000000e+00  0.0000000e+00  0.0000000e+00 ...  0.0000000e+00
     0.0000000e+00  0.0000000e+00]
   [ 0.0000000e+00  0.0000000e+00  0.0000000e+00 ...  0.0000000e+00
     0.0000000e+00  0.0000000e+00]
   ...
   [ 0.0000000e+00  0.0000000e+00  0.0000000e+00 ...  0.0000000e+00
     0.0000000e+00  0.0000000e+00]
   [ 0.0000000e+00  0.0000000e+00  0.0000000e+00 ...  0.0000000e+00
     0.0000000e+00  0.0000000e+00]
   [-1.0616367e-03 -6.4275594e-04  0.0000000e+00 ...  0.0000000e+00
     0.0000000e+00  0.0000000e+00]]]][[[[-2.12148624e-03  1.28541142e-04  2.88158469e-03 ...  1.13052055e-02
    -1.17549188e-02  9.94739294e-01]
   [-2.12148624e-03  1.28541142e-04  2.88158469e-03 ...  1.13052055e-02
    -1.17549188e-02  9.94739294e-01]
   [-2.12148624e-03  1.28541142e-04  2.88158469e-03 ...  1.13052055e-02
    -1.17549188e-02  9.94739294e-01]
   ...
   [-3.15838028e-04  1.64944306e-03 -5.96884079e-03 ... -9.90023464e-03
    -3.42998281e-03  9.91793513e-01]
   [-3.15838028e-04  1.64944306e-03 -5.96884079e-03 ... -9.90023464e-03
    -3.42998281e-03  9.91793513e-01]
   [-3.15838028e-04  1.64944306e-03 -5.96884079e-03 ... -9.90023464e-03
    -3.42998281e-03  9.91793513e-01]]

  [[-2.12148624e-03  1.28541142e-04  2.88158469e-03 ...  1.13052055e-02
    -1.17549188e-02  9.94739294e-01]
   [-2.12148624e-03  1.28541142e-04  2.88158469e-03 ...  1.13052055e-02
    -1.17549188e-02  9.94739294e-01]
   [-2.12148624e-03  1.28541142e-04  2.88158469e-03 ...  1.13052055e-02
    -1.17549188e-02  9.94739294e-01]
   ...
   [-3.15838028e-04  1.64944306e-03 -5.96884079e-03 ... -9.90023464e-03
    -3.42998281e-03  9.91793513e-01]
   [-3.15838028e-04  1.64944306e-03 -5.96884079e-03 ... -9.90023464e-03
    -3.42998281e-03  9.91793513e-01]
   [-3.15838028e-04  1.64944306e-03 -5.96884079e-03 ... -9.90023464e-03
    -3.42998281e-03  9.91793513e-01]]

  [[-2.12148624e-03  1.28541142e-04  2.88158469e-03 ...  1.13052055e-02
    -1.17549188e-02  9.94739294e-01]
   [-2.12148624e-03  1.28541142e-04  2.88158469e-03 ...  1.13052055e-02
    -1.17549188e-02  9.94739294e-01]
   [-2.12148624e-03  1.28541142e-04  2.88158469e-03 ...  1.13052055e-02
    -1.17549188e-02  9.94739294e-01]
   ...
   [-3.15838028e-04  1.64944306e-03 -5.96884079e-03 ... -9.90023464e-03
    -3.42998281e-03  9.91793513e-01]
   [-3.15838028e-04  1.64944306e-03 -5.96884079e-03 ... -9.90023464e-03
    -3.42998281e-03  9.91793513e-01]
   [-3.15838028e-04  1.64944306e-03 -5.96884079e-03 ... -9.90023464e-03
    -3.42998281e-03  9.91793513e-01]]

  ...

  [[ 2.30657635e-04  9.80777666e-04  6.02621585e-05 ...  8.51130113e-04
     5.28832898e-05  9.80912268e-01]
   [ 2.30657635e-04  9.80777666e-04  6.02621585e-05 ...  8.51130113e-04
     5.28832898e-05  9.80912268e-01]
   [ 2.30657635e-04  9.80777666e-04  6.02621585e-05 ...  8.51130113e-04
     5.28832898e-05  9.80912268e-01]
   ...
   [-3.96273332e-03 -1.30673870e-03 -2.77653523e-03 ...  7.31634349e-03
     2.90896744e-04  9.89278853e-01]
   [-3.96273332e-03 -1.30673870e-03 -2.77653523e-03 ...  7.31634349e-03
     2.90896744e-04  9.89278853e-01]
   [-3.96273332e-03 -1.30673870e-03 -2.77653523e-03 ...  7.31634349e-03
     2.90896744e-04  9.89278853e-01]]

  [[ 2.30657635e-04  9.80777666e-04  6.02621585e-05 ...  8.51130113e-04
     5.28832898e-05  9.80912268e-01]
   [ 2.30657635e-04  9.80777666e-04  6.02621585e-05 ...  8.51130113e-04
     5.28832898e-05  9.80912268e-01]
   [ 2.30657635e-04  9.80777666e-04  6.02621585e-05 ...  8.51130113e-04
     5.28832898e-05  9.80912268e-01]
   ...
   [-3.96273332e-03 -1.30673870e-03 -2.77653523e-03 ...  7.31634349e-03
     2.90896744e-04  9.89278853e-01]
   [-3.96273332e-03 -1.30673870e-03 -2.77653523e-03 ...  7.31634349e-03
     2.90896744e-04  9.89278853e-01]
   [-3.96273332e-03 -1.30673870e-03 -2.77653523e-03 ...  7.31634349e-03
     2.90896744e-04  9.89278853e-01]]

  [[ 2.30657635e-04  9.80777666e-04  6.02621585e-05 ...  8.51130113e-04
     5.28832898e-05  9.80912268e-01]
   [ 2.30657635e-04  9.80777666e-04  6.02621585e-05 ...  8.51130113e-04
     5.28832898e-05  9.80912268e-01]
   [ 2.30657635e-04  9.80777666e-04  6.02621585e-05 ...  8.51130113e-04
     5.28832898e-05  9.80912268e-01]
   ...
   [-3.96273332e-03 -1.30673870e-03 -2.77653523e-03 ...  7.31634349e-03
     2.90896744e-04  9.89278853e-01]
   [-3.96273332e-03 -1.30673870e-03 -2.77653523e-03 ...  7.31634349e-03
     2.90896744e-04  9.89278853e-01]
   [-3.96273332e-03 -1.30673870e-03 -2.77653523e-03 ...  7.31634349e-03
     2.90896744e-04  9.89278853e-01]]]][[[[-7.3600560e-04  4.6054274e-04 -1.9055465e-04 ...  4.7673937e-05
    -2.0312308e-04  6.3060084e-04]
   [-7.3600560e-04  4.6054274e-04 -1.9055465e-04 ...  4.7673937e-05
    -2.0312308e-04  6.3060084e-04]
   [-7.3600560e-04  4.6054274e-04 -1.9055465e-04 ...  4.7673937e-05
    -2.0312308e-04  6.3060084e-04]
   ...
   [ 1.5546661e-04  4.3385476e-03  1.6601989e-04 ...  2.4683867e-04
     2.2310717e-04 -5.8722217e-05]
   [ 1.5546661e-04  4.3385476e-03  1.6601989e-04 ...  2.4683867e-04
     2.2310717e-04 -5.8722217e-05]
   [ 1.5546661e-04  4.3385476e-03  1.6601989e-04 ...  2.4683867e-04
     2.2310717e-04 -5.8722217e-05]]

  [[-7.3600560e-04  4.6054274e-04 -1.9055465e-04 ...  4.7673937e-05
    -2.0312308e-04  6.3060084e-04]
   [-7.3600560e-04  4.6054274e-04 -1.9055465e-04 ...  4.7673937e-05
    -2.0312308e-04  6.3060084e-04]
   [-7.3600560e-04  4.6054274e-04 -1.9055465e-04 ...  4.7673937e-05
    -2.0312308e-04  6.3060084e-04]
   ...
   [ 1.5546661e-04  4.3385476e-03  1.6601989e-04 ...  2.4683867e-04
     2.2310717e-04 -5.8722217e-05]
   [ 1.5546661e-04  4.3385476e-03  1.6601989e-04 ...  2.4683867e-04
     2.2310717e-04 -5.8722217e-05]
   [ 1.5546661e-04  4.3385476e-03  1.6601989e-04 ...  2.4683867e-04
     2.2310717e-04 -5.8722217e-05]]

  [[-7.3600560e-04  4.6054274e-04 -1.9055465e-04 ...  4.7673937e-05
    -2.0312308e-04  6.3060084e-04]
   [-7.3600560e-04  4.6054274e-04 -1.9055465e-04 ...  4.7673937e-05
    -2.0312308e-04  6.3060084e-04]
   [-7.3600560e-04  4.6054274e-04 -1.9055465e-04 ...  4.7673937e-05
    -2.0312308e-04  6.3060084e-04]
   ...
   [ 1.5546661e-04  4.3385476e-03  1.6601989e-04 ...  2.4683867e-04
     2.2310717e-04 -5.8722217e-05]
   [ 1.5546661e-04  4.3385476e-03  1.6601989e-04 ...  2.4683867e-04
     2.2310717e-04 -5.8722217e-05]
   [ 1.5546661e-04  4.3385476e-03  1.6601989e-04 ...  2.4683867e-04
     2.2310717e-04 -5.8722217e-05]]

  ...

  [[-4.7836890e-03  1.0156572e-02 -4.6465918e-04 ... -9.9808164e-04
     2.8210329e-03  3.2217694e-03]
   [-4.7836890e-03  1.0156572e-02 -4.6465918e-04 ... -9.9808164e-04
     2.8210329e-03  3.2217694e-03]
   [-4.7836890e-03  1.0156572e-02 -4.6465918e-04 ... -9.9808164e-04
     2.8210329e-03  3.2217694e-03]
   ...
   [ 3.1270180e-04  4.6037510e-03  4.9627805e-04 ...  1.2226123e-04
     4.5193406e-04 -5.1712850e-04]
   [ 3.1270180e-04  4.6037510e-03  4.9627805e-04 ...  1.2226123e-04
     4.5193406e-04 -5.1712850e-04]
   [ 3.1270180e-04  4.6037510e-03  4.9627805e-04 ...  1.2226123e-04
     4.5193406e-04 -5.1712850e-04]]

  [[-4.7836890e-03  1.0156572e-02 -4.6465918e-04 ... -9.9808164e-04
     2.8210329e-03  3.2217694e-03]
   [-4.7836890e-03  1.0156572e-02 -4.6465918e-04 ... -9.9808164e-04
     2.8210329e-03  3.2217694e-03]
   [-4.7836890e-03  1.0156572e-02 -4.6465918e-04 ... -9.9808164e-04
     2.8210329e-03  3.2217694e-03]
   ...
   [ 3.1270180e-04  4.6037510e-03  4.9627805e-04 ...  1.2226123e-04
     4.5193406e-04 -5.1712850e-04]
   [ 3.1270180e-04  4.6037510e-03  4.9627805e-04 ...  1.2226123e-04
     4.5193406e-04 -5.1712850e-04]
   [ 3.1270180e-04  4.6037510e-03  4.9627805e-04 ...  1.2226123e-04
     4.5193406e-04 -5.1712850e-04]]

  [[-4.7836890e-03  1.0156572e-02 -4.6465918e-04 ... -9.9808164e-04
     2.8210329e-03  3.2217694e-03]
   [-4.7836890e-03  1.0156572e-02 -4.6465918e-04 ... -9.9808164e-04
     2.8210329e-03  3.2217694e-03]
   [-4.7836890e-03  1.0156572e-02 -4.6465918e-04 ... -9.9808164e-04
     2.8210329e-03  3.2217694e-03]
   ...
   [ 3.1270180e-04  4.6037510e-03  4.9627805e-04 ...  1.2226123e-04
     4.5193406e-04 -5.1712850e-04]
   [ 3.1270180e-04  4.6037510e-03  4.9627805e-04 ...  1.2226123e-04
     4.5193406e-04 -5.1712850e-04]
   [ 3.1270180e-04  4.6037510e-03  4.9627805e-04 ...  1.2226123e-04
     4.5193406e-04 -5.1712850e-04]]]]